856 220 122 652 395
152 505
110
5 201
915 159
346
930 664
121 415
541 465
188
617 467 753 17 666 650
614
466 81 97
934 64
655 540 197
983 421
522 169
774 893 772
645 431
1001 416
625 789
488 649 405 361
499
848 627 168 381
1010 411
1041 653 1032
234 256 184 798 409 53
430 706
919 135 68
815 436 720
812 223 697
228 452
86 503 539
353 403 970
16 259 661
318
608 837 88 78
211 402 913
124 996
239 510
320 175 203
163 962
1065 579 151 426 911 680 462 344 251
790 985 316
83 154 602
687 464
484 349 132 336 6 644 518 128 941 1059
992 733 71
145 1094
660 150 100
66 38 853

718 846 1099 691
125 756 674
322 33 1018
269 410 114
931 647
826 178 359
343 1009 819
945 70 999
127 1024
491 254
599 903 528 850
630 569 918
422 979
294 28
367 723
1066
672 165
459
969 810 926
685 1051 1078
949 44 370 454 279 308
158 521
873 366
888 7 368
335 309 213 497
534 371 805
483 686
1003 734 1015
441 977
580 1056 144 559
696 555 684
902 134 876 587 767 731
884
500 112 565 549
502 582 1000
654 94 24 933
567 866
849 716
558 229 442
978 576
596 885 957
624 408
141 300 958
904
1072 1033 241 529 527
417 852 246 796
461
338 807 458 301
605 1007 289
785 990
730 724 921 937 791 288 609
597 98 282
447 1022 896

376 111 1097 738
87 637 611 794
340 238 955
1020 909 40 595
944 434 54
453 701 313
293 171 519 900 754 1082
233 1011 509
1021 673
1047
330 523
1042 1036 948 656
1031 172 80 56
35 1005 26 1095 501
345 776 302 910 120 553
37 923 548 1023
880 822 444 963 432

520 943 198
782 991
15 759
1049 237
780 32 663 547
272 1087 813 205
757 973
939 821 515 620
280 743 149
385
616 473 648 48 217 399 894 857
314 554 968 803 34 891
457 972 93
935 598 331 496 1070 274 531 583 423 138
493 936 262
775 429
604
603 1004 1048
249 362 196
180 584 552
10 729 486
286 710 393
670 1008
147 816
30 1098 1016
898 43 721
284 818 669
347 592
737 947 642 1067 658
103 728 390
20 153 267
507 224 363
639 1017 841
232 752
781 960 79 634 714
164 1058 708
768 640 119 327
1081
392 786 67 889
777 350 384 1044
892 243 1039
299
355 315
966 266 277 1002
494 448
414
1034 1062
800 148 481
681 404 104 212 1025
622 995 199
843
407 328 116 827
365 1040 113 845
688 382 166
678 568 394 828 139 563

980 749 1055
797 268 832
298 60 187
700 1091 471 868
1086 844
823 600 27
626 62 901 219
886 39
638 682 225 179 952 877 577 748 140
537 303 878 388 456 817 295
635 210 209

938 478 838 360 14
425 1057 562 612 795
73 550 445 835
129 173 76
396 245 446
787 3
2 170 23 971 1050
115 475


364 202 292 1064
1090 690 1043 607 834 283
255 922 641 867 222 802 319 373
636 683 278 226 215
831 1006
950 1083 927 41
511 123
917 982 712 107
369 271 438 761 61
334 92 679 895 270 468 946 418 287 89
751 651 258 13 389 357 341
377 118 379
809 102 629
735 498
191 727
928 533
667 694 321

588 8 976 591 854 665 440
372 1052 543 323
1035 739 863
954 1012 545 646 85 406 994 769 181 698
74 765 1063 490
693 851 1046 482 109 337 400
339 326
183 29 932 704 513
557 610 965 560 1073 247
449 435 920 230
788 90 820 964 136
940
824 333 186
49 742
1096 383 1075 719 1089
526 386 162 489 242 783
0 45 236 525 51 764 1038
631 157 419
668 514 847 317 713 182 524 760 176 306
924 677 671 906 585 472 1076 253 18 561 358 586
758 479 1080 840 275 799 763 214
204 1027 487 200 96 351 1013
206 31 711
227 860
378 126

69 474 778 762 374 443 143 281 19 914
881 263 975 433 77 594 633 273
261 628
741 1074 460 675 264 717 556 959
290 997
879 745 4

276 755 342 621
95 715 325 291 207 855 747
703 11 46
375 517 657 912
643 951 1068 1088 1 397 1084 469 130
231 864 82 988
858 420 998
311 192 984 744
42 702
55 58 793 22 428 190 101 356 859 260 779 574
593 91 870 967 897
836 117 916
806 536
993 25 1037
989 352 72
925 84 324 571 304 766 412
167 492 987 662 986 424 689
380 882
506 875 530
485 348 142 830 437 455 808 156 208 1085 1045 285
9 52 535 544
784 401 833 632 108
1079 804 872 504 736 538
235 240 887 871 676
57 516 695 252 861 961 942 981 218 1030 189 439

566 99 929 470 508
480 572 606 307 216
297 512
659 907 573 956 750 1093 427 699 890 477 161 75 792
195 899
47 221 615 814
709 1029 257 387
740 1060 1071
1019 296 146 12 746
905
193 801 63 883 463 619 451 312 874 1014
244 542 1026
825 551 773 601
391 908 839 310 250 570 36 842
305 160 613
265 1077
578 564 354
1061 590 705
1054 546 865 59 194 476
722 137 1069 332

726
495 581
623 398 829 50
174 1028
65 177 811 248
185
450 1092 106 707
532 770 155 725 692 732 133 575 953 618 974 131
413 862 329 589 105 869 1053 21
771
